At time 1760794997.8920145
- Translation: [-1.544, -3.544, 0.000]
- Rotation: in Quaternion [0.000, 0.000, 0.000, 1.000]
- Rotation: in RPY (radian) [0.000, -0.000, 0.000]
- Rotation: in RPY (degree) [0.000, -0.000, 0.000]
- Matrix:
  1.000  0.000  0.000 -1.544
  0.000  1.000  0.000 -3.544
  0.000  0.000  1.000  0.000
  0.000  0.000  0.000  1.000
At time 1760794998.1018699
- Translation: [-0.294, -2.962, 0.000]
- Rotation: in Quaternion [0.000, 0.000, 0.414, 0.910]
- Rotation: in RPY (radian) [0.000, -0.000, 0.854]
- Rotation: in RPY (degree) [0.000, -0.000, 48.911]
- Matrix:
  0.657 -0.754  0.000 -0.294
  0.754  0.657  0.000 -2.962
  0.000  0.000  1.000  0.000
  0.000  0.000  0.000  1.000
At time 1760794999.9524592
- Translation: [0.209, -1.611, 0.000]
- Rotation: in Quaternion [0.000, 0.000, 0.670, 0.742]
- Rotation: in RPY (radian) [0.000, -0.000, 1.469]
- Rotation: in RPY (degree) [0.000, -0.000, 84.178]
- Matrix:
  0.101 -0.995  0.000  0.209
  0.995  0.101  0.000 -1.611
  0.000  0.000  1.000  0.000
  0.000  0.000  0.000  1.000
At time 1760795000.1483447
- Translation: [0.192, -0.807, 0.000]
- Rotation: in Quaternion [0.000, 0.000, 0.751, 0.660]
- Rotation: in RPY (radian) [0.000, -0.000, 1.699]
- Rotation: in RPY (degree) [0.000, -0.000, 97.326]
- Matrix:
 -0.128 -0.992  0.000  0.192
  0.992 -0.128  0.000 -0.807
  0.000  0.000  1.000  0.000
  0.000  0.000  0.000  1.000
At time 1760795001.9142765
- Translation: [0.116, -0.393, 0.000]
- Rotation: in Quaternion [0.000, 0.000, 0.785, 0.619]
- Rotation: in RPY (radian) [0.000, -0.000, 1.806]
- Rotation: in RPY (degree) [0.000, -0.000, 103.501]
- Matrix:
 -0.233 -0.972  0.000  0.116
  0.972 -0.233  0.000 -0.393
  0.000  0.000  1.000  0.000
  0.000  0.000  0.000  1.000
At time 1760795002.1793303
- Translation: [0.063, -0.195, 0.000]
- Rotation: in Quaternion [0.000, 0.000, 0.801, 0.599]
- Rotation: in RPY (radian) [0.000, -0.000, 1.857]
- Rotation: in RPY (degree) [0.000, -0.000, 106.408]
- Matrix:
 -0.282 -0.959  0.000  0.063
  0.959 -0.282  0.000 -0.195
  0.000  0.000  1.000  0.000
  0.000  0.000  0.000  1.000
At time 1760795003.9471377
- Translation: [0.032, -0.096, 0.000]
- Rotation: in Quaternion [0.000, 0.000, 0.808, 0.589]
- Rotation: in RPY (radian) [0.000, -0.000, 1.883]
- Rotation: in RPY (degree) [0.000, -0.000, 107.861]
- Matrix:
 -0.307 -0.952  0.000  0.032
  0.952 -0.307  0.000 -0.096
  0.000  0.000  1.000  0.000
  0.000  0.000  0.000  1.000
At time 1760795004.1394715
- Translation: [0.016, -0.048, 0.000]
- Rotation: in Quaternion [0.000, 0.000, 0.812, 0.584]
- Rotation: in RPY (radian) [0.000, -0.000, 1.895]
- Rotation: in RPY (degree) [0.000, -0.000, 108.549]
- Matrix:
 -0.318 -0.948  0.000  0.016
  0.948 -0.318  0.000 -0.048
  0.000  0.000  1.000  0.000
  0.000  0.000  0.000  1.000
At time 1760795005.9417331
- Translation: [-0.010, -0.022, 0.000]
- Rotation: in Quaternion [0.000, 0.000, 0.536, 0.844]
- Rotation: in RPY (radian) [0.000, -0.000, 1.133]
- Rotation: in RPY (degree) [0.000, -0.000, 64.891]
- Matrix:
  0.424 -0.906  0.000 -0.010
  0.906  0.424  0.000 -0.022
  0.000  0.000  1.000  0.000
  0.000  0.000  0.000  1.000
At time 1760795006.1239393
- Translation: [-0.005, -0.011, 0.000]
- Rotation: in Quaternion [0.000, 0.000, 0.538, 0.843]
- Rotation: in RPY (radian) [0.000, -0.000, 1.135]
- Rotation: in RPY (degree) [0.000, -0.000, 65.054]
- Matrix:
  0.422 -0.907  0.000 -0.005
  0.907  0.422  0.000 -0.011
  0.000  0.000  1.000  0.000
  0.000  0.000  0.000  1.000
At time 1760795007.9662446
- Translation: [-0.003, -0.005, 0.000]
- Rotation: in Quaternion [0.000, 0.000, 0.504, 0.864]
- Rotation: in RPY (radian) [0.000, -0.000, 1.057]
- Rotation: in RPY (degree) [0.000, -0.000, 60.552]
- Matrix:
  0.492 -0.871  0.000 -0.003
  0.871  0.492  0.000 -0.005
  0.000  0.000  1.000  0.000
  0.000  0.000  0.000  1.000
At time 1760795008.1319279
- Translation: [-0.003, -0.001, 0.000]
- Rotation: in Quaternion [0.000, 0.000, 0.176, 0.984]
- Rotation: in RPY (radian) [0.000, -0.000, 0.354]
- Rotation: in RPY (degree) [0.000, -0.000, 20.255]
- Matrix:
  0.938 -0.346  0.000 -0.003
  0.346  0.938  0.000 -0.001
  0.000  0.000  1.000  0.000
  0.000  0.000  0.000  1.000
At time 1760795009.9671274
- Translation: [-0.001, -0.001, 0.000]
- Rotation: in Quaternion [0.000, 0.000, 0.184, 0.983]
- Rotation: in RPY (radian) [0.000, -0.000, 0.370]
- Rotation: in RPY (degree) [0.000, -0.000, 21.191]
- Matrix:
  0.932 -0.361  0.000 -0.001
  0.361  0.932  0.000 -0.001
  0.000  0.000  1.000  0.000
  0.000  0.000  0.000  1.000
At time 1760795010.1189314
- Translation: [-0.001, -0.000, 0.000]
- Rotation: in Quaternion [0.000, 0.000, 0.176, 0.984]
- Rotation: in RPY (radian) [0.000, -0.000, 0.354]
- Rotation: in RPY (degree) [0.000, -0.000, 20.286]
- Matrix:
  0.938 -0.347  0.000 -0.001
  0.347  0.938  0.000 -0.000
  0.000  0.000  1.000  0.000
  0.000  0.000  0.000  1.000
At time 1760795011.9299440
- Translation: [-1.710, 0.026, 0.000]
- Rotation: in Quaternion [0.000, 0.000, 0.047, 0.999]
- Rotation: in RPY (radian) [0.000, -0.000, 0.094]
- Rotation: in RPY (degree) [0.000, -0.000, 5.388]
- Matrix:
  0.996 -0.094  0.000 -1.710
  0.094  0.996  0.000  0.026
  0.000  0.000  1.000  0.000
  0.000  0.000  0.000  1.000
At time 1760795012.1762489
- Translation: [-1.176, 0.044, 0.000]
- Rotation: in Quaternion [0.000, 0.000, -0.013, 1.000]
- Rotation: in RPY (radian) [0.000, 0.000, -0.026]
- Rotation: in RPY (degree) [0.000, 0.000, -1.487]
- Matrix:
  1.000  0.026  0.000 -1.176
 -0.026  1.000 -0.000  0.044
 -0.000  0.000  1.000  0.000
  0.000  0.000  0.000  1.000
At time 1760795013.9721970
- Translation: [-0.391, 0.425, 0.000]
- Rotation: in Quaternion [0.000, 0.000, -0.399, 0.917]
- Rotation: in RPY (radian) [0.000, 0.000, -0.822]
- Rotation: in RPY (degree) [0.000, 0.000, -47.073]
- Matrix:
  0.681  0.732  0.000 -0.391
 -0.732  0.681 -0.000  0.425
 -0.000  0.000  1.000  0.000
  0.000  0.000  0.000  1.000
At time 1760795014.1171580
- Translation: [-1.785, 0.236, 0.000]
- Rotation: in Quaternion [0.000, 0.000, -0.317, 0.948]
- Rotation: in RPY (radian) [0.000, 0.000, -0.645]
- Rotation: in RPY (degree) [0.000, 0.000, -36.969]
- Matrix:
  0.799  0.601  0.000 -1.785
 -0.601  0.799 -0.000  0.236
 -0.000  0.000  1.000  0.000
  0.000  0.000  0.000  1.000
At time 1760795015.9236980
- Translation: [-0.862, 0.728, 0.000]
- Rotation: in Quaternion [0.000, 0.000, -0.470, 0.883]
- Rotation: in RPY (radian) [0.000, 0.000, -0.979]
- Rotation: in RPY (degree) [0.000, 0.000, -56.072]
- Matrix:
  0.558  0.830  0.000 -0.862
 -0.830  0.558 -0.000  0.728
 -0.000  0.000  1.000  0.000
  0.000  0.000  0.000  1.000
At time 1760795016.1247922
- Translation: [-1.609, 0.316, 0.000]
- Rotation: in Quaternion [0.000, 0.000, -0.345, 0.938]
- Rotation: in RPY (radian) [0.000, 0.000, -0.705]
- Rotation: in RPY (degree) [0.000, 0.000, -40.407]
- Matrix:
  0.761  0.648  0.000 -1.609
 -0.648  0.761 -0.000  0.316
 -0.000  0.000  1.000  0.000
  0.000  0.000  0.000  1.000
At time 1760795017.9225892
- Translation: [-1.611, 0.649, 0.000]
- Rotation: in Quaternion [0.000, 0.000, -0.337, 0.941]
- Rotation: in RPY (radian) [0.000, 0.000, -0.688]
- Rotation: in RPY (degree) [0.000, 0.000, -39.446]
- Matrix:
  0.772  0.635  0.000 -1.611
 -0.635  0.772 -0.000  0.649
 -0.000  0.000  1.000  0.000
  0.000  0.000  0.000  1.000
At time 1760795018.1357614
- Translation: [-1.197, 0.804, 0.000]
- Rotation: in Quaternion [0.000, 0.000, -0.510, 0.860]
- Rotation: in RPY (radian) [0.000, 0.000, -1.070]
- Rotation: in RPY (degree) [0.000, 0.000, -61.288]
- Matrix:
  0.480  0.877  0.000 -1.197
 -0.877  0.480 -0.000  0.804
 -0.000  0.000  1.000  0.000
  0.000  0.000  0.000  1.000
At time 1760795019.9204691
- Translation: [-2.106, 0.496, 0.000]
- Rotation: in Quaternion [0.000, 0.000, -0.453, 0.891]
- Rotation: in RPY (radian) [0.000, 0.000, -0.940]
- Rotation: in RPY (degree) [0.000, 0.000, -53.877]
- Matrix:
  0.590  0.808  0.000 -2.106
 -0.808  0.590 -0.000  0.496
 -0.000  0.000  1.000  0.000
  0.000  0.000  0.000  1.000
At time 1760795020.1609995
- Translation: [-2.975, 0.210, 0.000]
- Rotation: in Quaternion [0.000, 0.000, -0.216, 0.976]
- Rotation: in RPY (radian) [0.000, 0.000, -0.435]
- Rotation: in RPY (degree) [0.000, 0.000, -24.934]
- Matrix:
  0.907  0.422  0.000 -2.975
 -0.422  0.907 -0.000  0.210
 -0.000  0.000  1.000  0.000
  0.000  0.000  0.000  1.000
At time 1760795021.9137486
- Translation: [-1.993, 1.214, 0.000]
- Rotation: in Quaternion [0.000, 0.000, -0.370, 0.929]
- Rotation: in RPY (radian) [0.000, 0.000, -0.759]
- Rotation: in RPY (degree) [0.000, 0.000, -43.472]
- Matrix:
  0.726  0.688  0.000 -1.993
 -0.688  0.726 -0.000  1.214
 -0.000  0.000  1.000  0.000
  0.000  0.000  0.000  1.000
At time 1760795022.1555891
- Translation: [-2.118, 0.745, 0.000]
- Rotation: in Quaternion [0.000, 0.000, -0.362, 0.932]
- Rotation: in RPY (radian) [0.000, 0.000, -0.741]
- Rotation: in RPY (degree) [0.000, 0.000, -42.467]
- Matrix:
  0.738  0.675  0.000 -2.118
 -0.675  0.738 -0.000  0.745
 -0.000  0.000  1.000  0.000
  0.000  0.000  0.000  1.000
At time 1760795023.9410637
- Translation: [-2.044, 0.113, 0.000]
- Rotation: in Quaternion [0.000, 0.000, -0.175, 0.985]
- Rotation: in RPY (radian) [0.000, 0.000, -0.351]
- Rotation: in RPY (degree) [0.000, 0.000, -20.135]
- Matrix:
  0.939  0.344  0.000 -2.044
 -0.344  0.939 -0.000  0.113
 -0.000  0.000  1.000  0.000
  0.000  0.000  0.000  1.000
At time 1760795024.1165970
- Translation: [-1.105, -0.074, 0.000]
- Rotation: in Quaternion [0.000, 0.000, -0.035, 0.999]
- Rotation: in RPY (radian) [0.000, 0.000, -0.071]
- Rotation: in RPY (degree) [0.000, 0.000, -4.062]
- Matrix:
  0.997  0.071  0.000 -1.105
 -0.071  0.997 -0.000 -0.074
 -0.000  0.000  1.000  0.000
  0.000  0.000  0.000  1.000
At time 1760795025.8931072
- Translation: [-1.258, 0.369, 0.000]
- Rotation: in Quaternion [0.000, 0.000, -0.228, 0.974]
- Rotation: in RPY (radian) [0.000, 0.000, -0.460]
- Rotation: in RPY (degree) [0.000, 0.000, -26.329]
- Matrix:
  0.896  0.444  0.000 -1.258
 -0.444  0.896 -0.000  0.369
 -0.000  0.000  1.000  0.000
  0.000  0.000  0.000  1.000
At time 1760795026.894755
- Translation: [-1.678, 0.545, 0.000]
- Rotation: in Quaternion [0.000, 0.000, -0.322, 0.947]
- Rotation: in RPY (radian) [0.000, 0.000, -0.655]
- Rotation: in RPY (degree) [0.000, 0.000, -37.528]
- Matrix:
  0.793  0.609  0.000 -1.678
 -0.609  0.793 -0.000  0.545
 -0.000  0.000  1.000  0.000
  0.000  0.000  0.000  1.000
At time 1760795027.9387284
- Translation: [-2.170, 0.634, 0.000]
- Rotation: in Quaternion [0.000, 0.000, -0.318, 0.948]
- Rotation: in RPY (radian) [0.000, 0.000, -0.648]
- Rotation: in RPY (degree) [0.000, 0.000, -37.128]
- Matrix:
  0.797  0.604  0.000 -2.170
 -0.604  0.797 -0.000  0.634
 -0.000  0.000  1.000  0.000
  0.000  0.000  0.000  1.000
At time 1760795028.1430495
- Translation: [-2.023, 0.929, 0.000]
- Rotation: in Quaternion [0.000, 0.000, -0.365, 0.931]
- Rotation: in RPY (radian) [0.000, 0.000, -0.747]
- Rotation: in RPY (degree) [0.000, 0.000, -42.807]
- Matrix:
  0.734  0.680  0.000 -2.023
 -0.680  0.734 -0.000  0.929
 -0.000  0.000  1.000  0.000
  0.000  0.000  0.000  1.000
At time 1760795029.9767923
- Translation: [-1.982, 0.960, 0.000]
- Rotation: in Quaternion [0.000, 0.000, -0.410, 0.912]
- Rotation: in RPY (radian) [0.000, 0.000, -0.846]
- Rotation: in RPY (degree) [0.000, 0.000, -48.459]
- Matrix:
  0.663  0.748  0.000 -1.982
 -0.748  0.663 -0.000  0.960
 -0.000  0.000  1.000  0.000
  0.000  0.000  0.000  1.000
At time 1760795030.1405235
- Translation: [-2.226, 0.607, 0.000]
- Rotation: in Quaternion [0.000, 0.000, -0.328, 0.945]
- Rotation: in RPY (radian) [0.000, 0.000, -0.668]
- Rotation: in RPY (degree) [0.000, 0.000, -38.249]
- Matrix:
  0.785  0.619  0.000 -2.226
 -0.619  0.785 -0.000  0.607
 -0.000  0.000  1.000  0.000
  0.000  0.000  0.000  1.000
At time 1760795031.9876805
- Translation: [-2.060, 0.089, 0.000]
- Rotation: in Quaternion [0.000, 0.000, -0.140, 0.990]
- Rotation: in RPY (radian) [0.000, 0.000, -0.281]
- Rotation: in RPY (degree) [0.000, 0.000, -16.114]
- Matrix:
  0.961  0.278  0.000 -2.060
 -0.278  0.961 -0.000  0.089
 -0.000  0.000  1.000  0.000
  0.000  0.000  0.000  1.000
At time 1760795032.1021499
- Translation: [-1.130, 0.890, 0.000]
- Rotation: in Quaternion [0.000, 0.000, -0.409, 0.912]
- Rotation: in RPY (radian) [0.000, 0.000, -0.843]
- Rotation: in RPY (degree) [0.000, 0.000, -48.298]
- Matrix:
  0.665  0.747  0.000 -1.130
 -0.747  0.665 -0.000  0.890
 -0.000  0.000  1.000  0.000
  0.000  0.000  0.000  1.000
At time 1760795033.8944185
- Translation: [-0.560, 0.870, 0.000]
- Rotation: in Quaternion [0.000, 0.000, -0.625, 0.780]
- Rotation: in RPY (radian) [0.000, 0.000, -1.352]
- Rotation: in RPY (degree) [0.000, 0.000, -77.435]
- Matrix:
  0.218  0.976  0.000 -0.560
 -0.976  0.218 -0.000  0.870
 -0.000  0.000  1.000  0.000
  0.000  0.000  0.000  1.000
At time 1760795034.1324071
- Translation: [-0.654, 0.519, 0.000]
- Rotation: in Quaternion [0.000, 0.000, -0.648, 0.762]
- Rotation: in RPY (radian) [0.000, 0.000, -1.410]
- Rotation: in RPY (degree) [0.000, 0.000, -80.761]
- Matrix:
  0.161  0.987  0.000 -0.654
 -0.987  0.161 -0.000  0.519
 -0.000  0.000  1.000  0.000
  0.000  0.000  0.000  1.000
At time 1760795035.9775186
- Translation: [-1.525, 0.449, 0.000]
- Rotation: in Quaternion [0.000, 0.000, -0.471, 0.882]
- Rotation: in RPY (radian) [0.000, 0.000, -0.981]
- Rotation: in RPY (degree) [0.000, 0.000, -56.201]
- Matrix:
  0.556  0.831  0.000 -1.525
 -0.831  0.556 -0.000  0.449
 -0.000  0.000  1.000  0.000
  0.000  0.000  0.000  1.000
At time 1760795036.1334319
- Translation: [-2.259, 0.395, 0.000]
- Rotation: in Quaternion [0.000, 0.000, -0.276, 0.961]
- Rotation: in RPY (radian) [0.000, 0.000, -0.558]
- Rotation: in RPY (degree) [0.000, 0.000, -31.994]
- Matrix:
  0.848  0.530  0.000 -2.259
 -0.530  0.848 -0.000  0.395
 -0.000  0.000  1.000  0.000
  0.000  0.000  0.000  1.000
At time 1760795037.9576398
- Translation: [-1.608, 1.020, 0.000]
- Rotation: in Quaternion [0.000, 0.000, -0.377, 0.926]
- Rotation: in RPY (radian) [0.000, 0.000, -0.773]
- Rotation: in RPY (degree) [0.000, 0.000, -44.274]
- Matrix:
  0.716  0.698  0.000 -1.608
 -0.698  0.716 -0.000  1.020
 -0.000  0.000  1.000  0.000
  0.000  0.000  0.000  1.000
At time 1760795038.1618258
- Translation: [-1.603, 0.387, 0.000]
- Rotation: in Quaternion [0.000, 0.000, -0.238, 0.971]
- Rotation: in RPY (radian) [0.000, 0.000, -0.480]
- Rotation: in RPY (degree) [0.000, 0.000, -27.524]
- Matrix:
  0.887  0.462  0.000 -1.603
 -0.462  0.887 -0.000  0.387
 -0.000  0.000  1.000  0.000
  0.000  0.000  0.000  1.000
At time 1760795039.9137603
- Translation: [-1.212, 0.561, 0.000]
- Rotation: in Quaternion [0.000, 0.000, -0.401, 0.916]
- Rotation: in RPY (radian) [0.000, 0.000, -0.825]
- Rotation: in RPY (degree) [0.000, 0.000, -47.273]
- Matrix:
  0.679  0.735  0.000 -1.212
 -0.735  0.679 -0.000  0.561
 -0.000  0.000  1.000  0.000
  0.000  0.000  0.000  1.000
At time 1760795040.1500288
- Translation: [-2.053, 0.100, 0.000]
- Rotation: in Quaternion [0.000, 0.000, -0.198, 0.980]
- Rotation: in RPY (radian) [0.000, 0.000, -0.399]
- Rotation: in RPY (degree) [0.000, 0.000, -22.837]
- Matrix:
  0.922  0.388  0.000 -2.053
 -0.388  0.922 -0.000  0.100
 -0.000  0.000  1.000  0.000
  0.000  0.000  0.000  1.000
At time 1760795041.9936916
- Translation: [-1.426, 0.533, 0.000]
- Rotation: in Quaternion [0.000, 0.000, -0.305, 0.952]
- Rotation: in RPY (radian) [0.000, 0.000, -0.619]
- Rotation: in RPY (degree) [0.000, 0.000, -35.491]
- Matrix:
  0.814  0.581  0.000 -1.426
 -0.581  0.814 -0.000  0.533
 -0.000  0.000  1.000  0.000
  0.000  0.000  0.000  1.000
At time 1760795042.1488667
- Translation: [-2.265, 0.127, 0.000]
- Rotation: in Quaternion [0.000, 0.000, -0.156, 0.988]
- Rotation: in RPY (radian) [0.000, 0.000, -0.313]
- Rotation: in RPY (degree) [0.000, 0.000, -17.955]
- Matrix:
  0.951  0.308  0.000 -2.265
 -0.308  0.951 -0.000  0.127
 -0.000  0.000  1.000  0.000
  0.000  0.000  0.000  1.000
At time 1760795043.8998629
- Translation: [-1.287, -0.049, 0.000]
- Rotation: in Quaternion [0.000, 0.000, -0.040, 0.999]
- Rotation: in RPY (radian) [0.000, 0.000, -0.079]
- Rotation: in RPY (degree) [0.000, 0.000, -4.538]
- Matrix:
  0.997  0.079  0.000 -1.287
 -0.079  0.997 -0.000 -0.049
 -0.000  0.000  1.000  0.000
  0.000  0.000  0.000  1.000
At time 1760795044.1451123
- Translation: [-0.648, -0.061, 0.000]
- Rotation: in Quaternion [0.000, 0.000, 0.019, 1.000]
- Rotation: in RPY (radian) [0.000, -0.000, 0.037]
- Rotation: in RPY (degree) [0.000, -0.000, 2.144]
- Matrix:
  0.999 -0.037  0.000 -0.648
  0.037  0.999  0.000 -0.061
  0.000  0.000  1.000  0.000
  0.000  0.000  0.000  1.000
At time 1760795045.8942201
- Translation: [-0.318, -0.039, 0.000]
- Rotation: in Quaternion [0.000, 0.000, 0.047, 0.999]
- Rotation: in RPY (radian) [0.000, -0.000, 0.095]
- Rotation: in RPY (degree) [0.000, -0.000, 5.425]
- Matrix:
  0.996 -0.095  0.000 -0.318
  0.095  0.996  0.000 -0.039
  0.000  0.000  1.000  0.000
  0.000  0.000  0.000  1.000
At time 1760795046.1020759
- Translation: [-0.159, -0.022, 0.000]
- Rotation: in Quaternion [0.000, 0.000, 0.061, 0.998]
- Rotation: in RPY (radian) [0.000, -0.000, 0.122]
- Rotation: in RPY (degree) [0.000, -0.000, 6.976]
- Matrix:
  0.993 -0.121  0.000 -0.159
  0.121  0.993  0.000 -0.022
  0.000  0.000  1.000  0.000
  0.000  0.000  0.000  1.000
At time 1760795047.9096974
- Translation: [-0.078, -0.011, 0.000]
- Rotation: in Quaternion [0.000, 0.000, 0.068, 0.998]
- Rotation: in RPY (radian) [0.000, -0.000, 0.135]
- Rotation: in RPY (degree) [0.000, -0.000, 7.752]
- Matrix:
  0.991 -0.135  0.000 -0.078
  0.135  0.991  0.000 -0.011
  0.000  0.000  1.000  0.000
  0.000  0.000  0.000  1.000
